

Sample:                                                                 
Filename: C:\Users\Dusan\Desktop\Deimos\\Al_d3_p0.Chn
File created or changed:   20.11.2018
No.of channels: 16100
Measurement date: 15/Nov/18     10:23
Evaluated : 23.01.2019 18:47:15
Live time: 174554.0 s   Real time: 174600.0 s    Dead time:  0.03 %
Counts total:   1007312    Input counts/sec:      6
            Satellite peaks:
s10: 0.000  s11: 0.000  s12: 0.000
d10:   2.5  d11:   4.0  d12:  10.0
s20: 0.000  s21: 0.000  s22: 0.000
d20:   0.0  d21:   0.0  d22:   0.0
base: 0.00000

            ENERGY CALIBRATION
 2.471634945697E+0001  1.718606011557E-0001  0.000000000000E+0000  0.000000000000E+0000

            FWHM CALIBRATION
 3.273492614048E+0001  3.620564808110E-0004  0.000000000000E+0000

Energy: preliminary linear calibration
FWHM: preliminary linear calibration

  channel  cherr    energy      area aerr%  fwhm chisq it left   n  lim isotope
==============================================================================
  241.976  0.987    66.302    1440.9   8.5 23.35  1.15  35  148 249 1153
  289.538  0.329    74.477    4803.6   4.2 23.37  1.15  35  148 249 1247
  352.834  0.503    85.355    2901.1   5.6 23.39  1.15  35  148 249 1179
  784.693  0.183   159.574    5008.6   3.8 15.92  1.02  12  684 149  766
 1906.172  1.001   352.312     468.5  24.3 13.20  0.97  21 1813 172  509
 2830.464  0.188   511.162    5933.4   3.0 20.95  1.11  13 2725 158  812
 3251.082  0.701   583.449     653.9  10.8 14.62  0.95  27 3148 320  464
 3325.616  0.861   596.259     516.8  12.3 14.65  0.95  27 3148 320  455
 3402.072  0.453   609.398    1055.8   8.6 14.67  0.95  27 3148 320  427
 5159.782  0.483   911.480    1105.9   9.0 17.62  1.10  15 5052 156  431
 5493.269  0.938   968.793     849.5  12.6 24.51  1.13  33 5390 184  634
 6377.288  0.614  1120.721     712.8  12.1 16.43  0.95  16 6270 161  354
 7821.092  0.231  1368.854    2134.9   4.2 17.98  1.25  17 7713 201  335
 8357.983  0.070  1461.124   14712.9   1.3 18.47  0.96  15 8245 186  394
 9928.820  1.077  1731.089     445.3  12.1 29.43  0.99  11 9819 213  362
10124.573  0.347  1764.732     947.0   6.3 18.69  1.04  14 10014 161  255
12680.438  0.760  2203.984     318.6  13.0 19.78  0.99  14 12566 203  177
15055.678  0.223  2612.194    1917.4   3.5 20.80  0.95  14 14940 222  220
15726.165  0.238  2727.425    1077.4   4.9 16.21  0.93  21 15613 172  157
