

Sample:                                                                 
Filename: C:\Users\Dusan\Desktop\Deimos\\Y_d1_p1.Chn
File created or changed:   17.11.2018
No.of channels: 16100
Measurement date: 10/Nov/18     02:18
Evaluated : 10.01.2019 14:03:56
Live time: 28178.0 s   Real time: 28898.0 s    Dead time:  2.49 %
Counts total:  19017222    Input counts/sec:    675
            Satellite peaks:
s10: 0.000  s11: 0.000  s12: 0.000
d10:   2.5  d11:   4.0  d12:  10.0
s20: 0.000  s21: 0.000  s22: 0.000
d20:   0.0  d21:   0.0  d22:   0.0
base: 0.00000

            ENERGY CALIBRATION
 2.471634945697E+0001  1.718606011557E-0001  0.000000000000E+0000  0.000000000000E+0000

            FWHM CALIBRATION
 3.273492614048E+0001  3.620564808110E-0004  0.000000000000E+0000

Energy: preliminary linear calibration
FWHM: preliminary linear calibration

  channel  cherr    energy      area aerr%  fwhm chisq it left   n  lim isotope
==============================================================================
  290.402  0.849    74.625    6170.4  14.6 18.97  1.14  21  192 164 4859
 2073.253  0.007   381.027  977986.9   0.1 14.47 15.80  17 1969 230 3025
 2117.960  0.004   388.710 2154757.6   0.1 14.49 15.80  17 1969 230 2820
 2677.838  0.005   484.931 1889758.4   0.1 14.63 14.58  20 2573 200 1705
 2830.421  0.086   511.154   18068.0   1.5 19.42  1.09  17 2730 178 1107
 4594.443  0.275   814.320    1946.9   5.7 16.28  1.09  40 4558 129  423
 5082.914  0.027   898.269   68232.9   0.6 15.65  1.33  20 4978 154  551
 5148.113  0.391   909.474    1176.7   8.3 16.77  1.11  31 5122 131  400
 7567.043  0.433  1325.193    1570.9   6.4 22.24  1.09  29 7460 161  493
 8357.165  0.229  1460.984    2555.3   4.3 17.73  1.21  17 8247 158  423
10538.237  0.041  1835.824   35333.3   0.8 17.73  1.00  21 10425 160  372
15051.269  0.599  2611.437     287.5  10.5 19.13  0.57  23 14936 230  105
15635.610  0.267  2711.862     684.8   6.0 14.90  0.38  23 15525 221   92
