

Sample:                                                                 
Filename: C:\Users\Dusan\Desktop\Deimos\\Au_d2_ARMS.chn
File created or changed:   13.12.2018
No.of channels:  8050
Measurement date: 12/Nov/18     14:39
Evaluated : 15.01.2019 17:41:36
Live time: 86054.0 s   Real time: 86469.0 s    Dead time:  0.48 %
Counts total:  17326307    Input counts/sec:    201
            Satellite peaks:
s10: 0.000  s11: 0.000  s12: 0.000
d10:   2.5  d11:   4.0  d12:  10.0
s20: 0.000  s21: 0.000  s22: 0.000
d20:   0.0  d21:   0.0  d22:   0.0
base: 0.00000

            ENERGY CALIBRATION
 3.067954749864E+0000  3.623047361888E-0001  0.000000000000E+0000  0.000000000000E+0000

            FWHM CALIBRATION
 2.544801248291E+0000  6.872981941803E-0004  0.000000000000E+0000

Energy: preliminary linear calibration
FWHM: preliminary linear calibration

  channel  cherr    energy      area aerr%  fwhm chisq it left   n  lim isotope
==============================================================================
  165.489  0.047    63.026   17217.1   2.8  2.78 32.12  60  160  30 1139
  169.243  0.002    64.385  858334.2   0.1  2.79 32.12  60  160  30 1140
  174.052  0.001    66.128 1585317.9   0.1  2.79 32.12  60  160  30 1141
  179.563  0.005    68.125  127464.3   0.4  2.79 32.12  60  160  30 1202
  185.139  0.017    70.145   26867.3   1.4  2.80 32.12  60  160  30 1204
  195.044  0.095    73.733    9802.5   4.8  3.08  9.08  52  189  26 1325
  198.742  0.002    75.073  654101.3   0.2  3.08  9.08  52  189  26 1326
  205.063  0.004    77.363  243075.4   0.3  3.09  9.08  52  189  26 1131
  211.304  0.020    79.624   23592.8   1.7  3.09  9.08  52  189  26 1133
  218.101  0.127    82.087    1867.4  21.6  2.19  0.81  20  216  21  805
  224.462  0.240    84.392     965.6  27.3  2.20  0.81  20  216  21  666
  232.013  0.599    87.127     383.4  55.6  2.20  0.81  20  216  21  668
  263.585  0.013    98.566   27814.0   1.6  2.66  1.33  11  247  31  741
  349.582  0.087   129.723    3338.4  10.6  2.52  0.61  37  333  37  710
  355.559  0.289   131.889     988.6  23.0  2.53  0.61  37  333  37  711
  360.466  0.186   133.666    1546.2  16.6  2.53  0.61  37  333  37  718
  366.056  0.299   135.692     963.2  26.9  2.53  0.61  37  333  37  719
  431.436  0.230   159.379    1908.1  19.2  3.09  1.36  20  424  35  993
  443.678  0.187   163.815    2337.4  17.1  3.09  1.36  20  424  35 1000
  552.274  0.110   203.159    8416.7   6.8  5.02  2.66  73  543  26 1580
  560.121  0.281   206.003    3251.8  12.0  5.02  2.66  73  543  26 1501
  793.769  0.123   290.654    1974.1   7.3  3.13  2.40  13  781  33  548
  801.501  0.005   293.455  106836.0   0.5  3.13  2.40  13  781  33  528
  821.418  0.031   300.671    7985.4   3.5  2.98  0.95  27  814  22  488
  869.186  0.121   317.978    1973.6  12.0  3.28  0.72  17  851  29  516
  892.796  0.068   326.532    4998.9   3.4  3.21 16.31  24  880  49  502
  897.753  0.002   328.328  594324.0   0.2  3.21 16.31  24  880  49  503
  910.208  0.002   332.841  571422.6   0.2  3.22 16.31  24  880  49  496
  972.743  0.001   355.497 2098925.9   0.1  3.29 99.08  13  955  35  473
  997.946  0.020   364.629   12392.6   2.0  3.26  1.52  15  989  18  459
 1076.979  0.050   393.263    4425.2   3.0  3.40  1.74  11 1058  53  347
 1081.763  0.035   394.996    6761.9   2.3  3.41  1.74  11 1058  53  351
 1089.460  0.057   397.784    3762.2   3.3  3.41  1.74  11 1058  53  352
 1094.260  0.035   399.523    6592.4   2.4  3.41  1.74  11 1058  53  352
 1106.099  0.074   403.813    2493.3   4.8  3.42  1.74  11 1058  53  364
 1127.249  0.001   411.476 1111677.7   0.1  3.39 94.52  11 1109  24  342
 1152.109  0.021   420.483   13568.4   1.2  3.40  6.36  24 1143  59  306
 1156.780  0.014   422.175   23566.3   0.8  3.40  6.36  24 1143  59  307
 1166.254  0.004   425.607  137803.3   0.4  3.41  6.36  24 1143  59  284
 1181.036  0.021   430.963    9899.0   1.2  3.42  6.36  24 1143  59  248
 1187.037  0.051   433.137    2957.7   2.8  3.42  6.36  24 1143  59  249
 1230.546  0.097   448.900     876.2  11.0  2.85  0.97  15 1212  36  180
 1322.838  0.025   482.338    7124.3   2.3  3.58  0.92  11 1313  26  212
 1400.380  0.031   510.432   19238.0   1.4  7.58  1.58  18 1382  36  431
 1428.450  0.127   520.602     577.7  14.4  2.82  0.76  20 1413  31  157
 1449.395  0.030   528.190    9961.6   2.2  3.60  0.91  36 1435  33  203
 1453.323  0.089   529.614    3461.5   4.1  3.60  0.91  36 1435  33  203
 1457.423  0.719   531.099     215.4  31.7  3.61  0.91  36 1435  33  204
 1531.734  0.761   558.022     178.0  32.2  4.95  1.31  21 1514  42  250
 1543.079  0.261   562.133     559.5  17.0  4.96  1.31  21 1514  42  244
 1615.870  0.083   588.505    1432.9   6.2  4.00  0.71  34 1605  41  189
 1627.358  0.134   592.668    1975.6   7.2  4.01  0.71  34 1605  41  192
 1630.575  0.262   593.833     882.9  15.8  4.01  0.71  34 1605  41  192
 1666.046  0.083   606.684    1366.0   6.5  3.62  1.30  19 1653  27  171
 1671.211  0.183   608.556     570.0  10.3  3.63  1.30  19 1653  27  171
 1705.547  0.019   620.996   14833.2   1.4  4.51  2.15  18 1686  36  203
 1769.902  0.020   644.312   10335.0   1.7  3.90  0.72  19 1750  30  175
 1824.332  0.665   664.032     121.0  42.0  3.67  0.70  34 1819  26  165
 1833.522  0.167   667.362     534.5  15.2  3.67  0.70  34 1819  26  166
 1854.469  0.029   674.951    5942.2   2.4  3.96  1.25  15 1837  33  178
 1889.579  0.015   687.671   16168.4   1.3  3.95  1.02  16 1873  40  188
 1902.249  0.274   692.262     344.3  13.7  3.96  1.02  16 1873  40  183
 1922.779  0.542   699.700     178.8  25.8  4.06  0.91  27 1911  36  183
 1930.575  0.068   702.525    1857.8   5.4  4.06  0.91  27 1911  36  183
 2008.595  0.628   730.791     220.4  29.6  5.42  1.47  43 2001  36  228
 2020.409  0.264   735.072     566.5  16.0  5.43  1.47  43 2001  36  251
 2073.021  0.455   754.133     224.9  22.5  4.35  0.90  16 2062  32  191
 2081.599  0.179   757.241     610.9  12.9  4.36  0.90  16 2062  32  182
 2225.152  0.124   809.251     852.7  10.1  4.11  1.23  15 2206  28  171
 2351.780  0.360   855.129     410.5  15.7  5.08  1.21  13 2331 124  211
 2358.074  0.478   857.409     308.4  18.8  5.09  1.21  13 2331 124  211
 2443.626  0.272   888.405     479.1  13.8  5.15  1.21  13 2331 124  207
 2540.834  0.112   923.624    1311.9   8.3  5.01  1.19  38 2520  27  219
 2577.888  0.040   937.049    4243.6   2.2  4.49  1.31  20 2557  64  203
 2604.349  0.027   946.636    7729.2   1.8  4.51  1.31  20 2557  64  191
 2747.274  0.236   998.418     468.4  15.6  4.76  0.92  27 2726  48  186
 2766.778  0.537  1005.485     186.5  26.7  4.78  0.92  27 2726  48  188
 2852.324  0.106  1036.478    1161.5   5.3  4.77  1.20  66 2844  55  172
 2880.373  0.055  1046.641    2817.8   3.6  4.79  1.20  66 2844  55  179
 2987.742  0.127  1085.541     957.5   7.1  4.83  1.25  36 2981  27  172
 2997.847  0.081  1089.202    1689.9   5.3  4.84  1.25  36 2981  27  172
 3032.866  0.031  1101.890    6578.3   2.2  4.87  0.72  17 3011  40  170
 3076.752  0.367  1117.790     494.9  17.4  6.94  1.14  15 3054  43  253
 3161.496  0.041  1148.493    4268.9   2.7  4.82  1.04  12 3139  58  172
 3177.347  0.091  1154.236    1395.2   4.2  4.83  1.04  12 3139  58  173
 3229.094  0.033  1172.984    6175.9   2.2  4.81  1.50  16 3207  62  172
 3251.533  0.076  1181.114    1830.3   3.5  4.82  1.50  16 3207  62  175
 3348.587  0.050  1216.277    3456.4   3.3  4.99  1.20  13 3326  45  185
 3468.529  0.582  1259.732     118.2  31.1  3.91  0.82  17 3446  81  141
 3481.624  0.342  1264.477     208.8  22.4  3.92  0.82  17 3446  81  138
 3506.968  0.379  1273.659     182.1  24.1  3.93  0.82  17 3446  81  134
 3546.073  0.734  1287.827     158.7  27.1  5.31  0.92  37 3538  71  177
 3553.752  0.247  1290.609     507.1  10.8  5.31  0.92  37 3538  71  177
 3578.212  0.173  1299.471     706.2   9.0  5.33  0.92  37 3538  71  177
 3594.847  0.283  1305.498     399.3  12.3  5.34  0.92  37 3538  71  179
 3680.373  0.173  1336.485     702.9   6.7  4.95  1.19  16 3661  46  157
 3688.235  0.049  1339.333    3529.1   3.1  4.96  1.19  16 3661  46  157
 3778.084  0.920  1371.886     225.9  35.5  6.50  0.78  16 3758  44  206
 3784.123  0.807  1374.074     257.1  31.9  6.50  0.78  16 3758  44  206
 3906.822  0.124  1418.528     897.5   8.0  5.12  0.56  16 3887  37  149
 3935.244  0.247  1428.826     442.6  10.4  5.51  0.97  31 3919  80  159
 3961.454  0.321  1438.321     313.2  12.4  5.52  0.97  31 3919  80  156
 3984.292  0.154  1446.596     735.3   8.3  5.54  0.97  31 3919  80  157
 4014.041  0.168  1457.374     844.9   5.8  5.38  1.63 120 4003  46  150
 4021.048  0.096  1459.913    1630.8   3.5  5.39  1.63 120 4003  46  169
 4036.118  0.019  1465.373   17184.0   1.2  5.40  1.63 120 4003  46  169
 4086.148  0.366  1483.499     386.5  14.0  6.94  1.39  17 4068  40  192
 4099.409  0.249  1488.303     601.1  12.6  6.95  1.39  17 4068  40  192
 4131.810  0.349  1500.042     126.0  23.2  3.38  1.41  22 4111  74  100
 4155.014  0.214  1508.449     222.1  17.4  3.40  1.41  22 4111  74   95
 4172.626  0.329  1514.830     135.7  21.9  3.41  1.41  22 4111  74   90
 4210.717  0.470  1528.631     442.5  11.9  7.58  1.16  38 4187 132  209
 4218.932  0.515  1531.607     392.5  12.9  7.59  1.16  38 4187 132  209
 4248.906  0.740  1542.467     198.4  17.9  7.61  1.16  38 4187 132  210
 4294.808  0.199  1559.097     835.4   8.0  7.64  1.16  38 4187 132  217
 4376.944  0.061  1588.855    4077.0   2.5  6.01  1.19  14 4352  65  160
 4384.942  0.054  1591.753    4669.1   2.4  6.02  1.19  14 4352  65  167
 4401.768  0.203  1597.849     562.3   7.2  6.03  1.19  14 4352  65  166
 4444.910  0.186  1613.480     446.7  10.9  4.73  1.07  40 4420  52  124
 4453.645  0.580  1616.645     188.0  23.2  4.73  1.07  40 4420  52  125
 4458.227  0.331  1618.305     343.2  14.5  4.74  1.07  40 4420  52  125
 4487.328  0.174  1628.848     690.3   9.6  5.97  1.21  15 4463  41  161
 4591.068  0.211  1666.434     506.3  10.6  5.83  1.07  14 4566  58  150
 4604.958  0.275  1671.466     364.4  11.9  5.84  1.07  14 4566  58  149
 4643.665  0.339  1685.490     295.5  18.2  6.04  1.00  28 4619  63  144
 4713.845  0.085  1710.916    1591.3   4.8  5.83  1.13  15 4697  39  129
 4768.718  0.177  1730.797     638.1   9.5  6.28  1.27  14 4743  49  142
 4849.529  0.229  1760.075     184.5  20.7  3.62  1.43  16 4831  32   73
 4907.333  0.133  1781.018     782.3   5.7  5.64  1.50  15 4882  97  118
 4939.768  0.082  1792.769    1539.8   4.3  5.66  1.50  15 4882  97  124
 4954.248  0.409  1798.015     205.1  13.4  5.67  1.50  15 4882  97  124
 4962.514  0.304  1801.010     282.1  10.6  5.68  1.50  15 4882  97  127
 5028.135  0.182  1824.785     507.7   8.3  6.29  0.71  25 5020  48  106
 5043.828  0.132  1830.471     817.2   6.7  6.30  0.71  25 5020  48  108
 5179.532  1.065  1879.637     317.8  47.4  6.78  0.96  35 5159  52  104
 5185.207  0.087  1881.693    6940.0   2.6  6.78  0.96  35 5159  52  104
 5252.887  0.283  1906.214     217.5  15.7  5.83  0.73  13 5227  46   80
 5282.685  0.350  1917.010     416.9  13.1  5.77  0.89  18 5264  44   81
 5288.941  0.060  1919.276    4171.5   2.8  5.78  0.89  18 5264  44   82
 5384.456  0.274  1953.882     384.6  12.1  8.41  0.85  25 5374  33  104
 5413.706  0.108  1964.479     862.6   5.9  6.16  1.07  16 5398  27   75
 5617.470  0.032  2038.304    7518.8   1.7  6.26  2.66  15 5599  36   63
 5799.322  0.405  2104.190     110.1  14.3  6.00  1.02  17 5772  52   44
 5810.947  0.136  2108.402     526.3   7.4  6.01  1.02  17 5772  52   53
 6058.942  0.479  2198.251     102.7  13.7  7.75  0.64  16 6030  78   54
 6089.493  0.165  2209.320     516.7   7.1  7.77  0.64  16 6030  78   53
 6316.751  0.480  2291.657      76.7  15.9  6.61  0.84  18 6288  78   38
 6355.015  0.168  2305.520     356.1   8.5  6.63  0.84  18 6288  78   40
 6502.459  0.358  2358.940      96.9  20.1  6.12  0.80  18 6475  41   37
 7187.903  0.183  2607.279     328.7   9.0  7.01  0.72  18 7158  59   38
