

Sample:                                                                 
Filename: D:\Robert\Deimos\Al_d1_p5.chn
File created or changed:   17.11.2018
No.of channels:  8050
Measurement date: 09/Nov/18     03:52
Evaluated : 10.12.2018 13:05:18
Live time:  7031.0 s   Real time:  7081.0 s    Dead time:  0.71 %
Counts total:   2710475    Input counts/sec:    386
            Satellite peaks:
s10: 0.000  s11: 0.000  s12: 0.000
d10:   2.5  d11:   4.0  d12:  10.0
s20: 0.000  s21: 0.000  s22: 0.000
d20:   0.0  d21:   0.0  d22:   0.0
base: 0.00000

            ENERGY CALIBRATION
-1.363481798715E+0000  5.933276231263E-0001  0.000000000000E+0000  0.000000000000E+0000

            FWHM CALIBRATION
 6.652762312634E-0001  9.721627408994E-0004  0.000000000000E+0000

Energy: preliminary linear calibration
FWHM: preliminary linear calibration

  channel  cherr    energy      area aerr%  fwhm chisq it left   n  lim isotope
==============================================================================
  124.985  0.037    72.793    3187.6   5.2  1.91 80.35  51  115  52  275
  145.178  0.045    84.775    2647.8   5.6  1.93 80.35  51  115  52  298
  863.490  0.022   510.969   15347.5   1.6  4.60  2.02  13  851  26  350
  985.201  0.055   583.183    1298.8   6.0  2.25  1.07  12  971  71  157
 1029.366  0.042   609.388    1821.9   5.2  2.30  1.07  12  971  71  157
 1448.517  0.266   858.082     872.8  15.6  5.72  1.69  17 1435  26  356
 1538.422  0.068   911.425    1270.0   8.0  2.77  0.70  12 1523  29  171
 1635.969  0.108   969.302     700.9  13.4  2.59  2.34  12 1620  30  166
 2309.465  0.003  1368.906  170194.8   0.4  3.29 27.82  11 2293  22  120
 2464.898  0.019  1461.129    7651.3   1.9  3.37  1.78  10 2445  35  103
 2921.331  0.024  1731.943    7548.0   1.9  4.10  2.34  11 2905  33  125
 2976.672  0.117  1764.778     554.0  11.5  3.27  0.62  11 2958  33  114
 3782.773  0.024  2243.060   14156.8   1.4  5.65  2.05  10 3762  42  233
 4408.897  0.077  2614.557    1594.0   5.5  4.68  1.02  10 4387  45  170
 4644.116  0.007  2754.119   92168.0   0.5  4.70 27.75  10 4622  31   90
 6950.065  0.093  4122.302     724.3   5.6  5.62  0.46  12 6921  59   28
