

Sample:                                                                 
Filename: D:\Robert\Deimos\Au_d1_p5.chn
File created or changed:   17.11.2018
No.of channels:  8050
Measurement date: 08/Nov/18     08:35
Evaluated : 10.12.2018 13:10:03
Live time:   887.0 s   Real time:   901.0 s    Dead time:  1.55 %
Counts total:    897983    Input counts/sec:   1012
            Satellite peaks:
s10: 0.000  s11: 0.000  s12: 0.000
d10:   2.5  d11:   4.0  d12:  10.0
s20: 0.000  s21: 0.000  s22: 0.000
d20:   0.0  d21:   0.0  d22:   0.0
base: 0.00000

            ENERGY CALIBRATION
-1.363481798715E+0000  5.933276231263E-0001  0.000000000000E+0000  0.000000000000E+0000

            FWHM CALIBRATION
 6.652762312634E-0001  9.721627408994E-0004  0.000000000000E+0000

Energy: preliminary linear calibration
FWHM: preliminary linear calibration

  channel  cherr    energy      area aerr%  fwhm chisq it left   n  lim isotope
==============================================================================
  111.960  0.005    65.065   41722.8   0.6  1.82 92.85  82  103  37  174
  114.903  0.003    66.812   91011.3   0.5  1.82 92.85  82  103  37  174
  118.193  0.005    68.764   32305.8   0.7  1.82 92.85  82  103  37  174
  129.675  0.006    75.576   24774.3   0.8  1.83 92.85  82  103  37  212
  133.446  0.008    77.814   17211.3   0.9  1.84 92.85  82  103  37  212
  251.373  0.007   147.783   20999.1   1.2  1.84  1.53  13  248  13  173
  285.949  0.026   168.298    2785.0   4.6  1.77  2.01  20  275  16  168
  319.496  0.008   188.202   15097.5   1.5  1.91  1.78  15  316  14  179
  483.390  0.035   285.445    1434.1   3.8  2.04  3.55  14  474  39  100
  496.991  0.012   293.515    7373.9   1.9  2.06  3.55  14  474  39  100
  508.980  0.071   300.628     553.4   7.1  2.07  3.55  14  474  39   94
  535.079  0.048   316.114     877.7   8.2  2.06  3.42  15  531  15   89
  555.875  0.005   328.453   40265.9   0.8  2.07  2.05  20  545  14   89
  816.111  0.056   482.858     467.8   9.7  1.94  0.71  11  804  26   49
  863.442  0.048   510.940    2131.3   3.6  4.08  2.90  15  851  56   99
  894.110  0.073   529.137    1000.6   4.8  4.11  2.90  15  851  56  102
  985.207  0.079   583.187     428.7   9.2  2.63  1.51  13  972  43   56
  995.564  0.221   589.332     123.6  16.4  2.64  1.51  13  972  43   56
 1003.043  0.151   593.770     196.4  12.6  2.65  1.51  13  972  43   56
 1029.177  0.083   609.276     468.8   6.9  2.79  1.14  13 1015  46   62
 1050.335  0.046   621.829    1028.6   5.2  2.81  1.14  13 1015  46   63
 1089.762  0.046   645.222     752.8   6.7  2.31  0.52  12 1078  24   47
 1141.429  0.141   675.878     181.7  14.5  2.57  0.96  14 1131  65   53
 1162.875  0.136   688.603     206.5  13.2  2.59  0.96  14 1131  65   52
 1188.210  0.197   703.634     127.2  17.1  2.62  0.96  14 1131  65   53
 1538.270  0.100   911.335     306.9  12.1  2.78  0.80  22 1532  22   48
 1584.768  0.105   938.923     298.4   8.8  2.90  1.91  17 1569  84   52
 1600.992  0.070   948.549     585.4   6.7  2.92  1.91  17 1569  84   51
 1635.650  0.126   969.113     225.9  10.0  2.95  1.91  17 1569  84   51
 1770.023  0.119  1048.840     207.2  15.1  2.62  1.33  12 1755  31   41
 1863.372  0.071  1104.227     584.5   7.6  3.20  2.53  11 1848  21   50
 1891.104  0.218  1120.681     164.4  19.2  3.70  0.75  14 1875  29   61
 1942.110  0.110  1150.944     337.7  10.1  3.36  1.01  10 1927  32   53
 1951.347  0.199  1156.425     144.8  14.3  3.37  1.01  10 1927  32   53
 1983.430  0.085  1175.460     541.7   7.8  3.46  1.18  14 1967  45   57
 1997.071  0.192  1183.554     168.6  12.6  3.48  1.18  14 1967  45   57
 2056.886  0.126  1219.044     280.1  13.8  3.28  1.60  11 2040  21   50
 2264.687  0.118  1342.338     350.5  10.3  3.98  3.92  17 2256  17   46
 2464.844  0.035  1461.097    2088.3   3.1  3.46  2.76   9 2449  46   47
 2478.459  0.044  1469.175    1297.1   3.6  3.47  2.76   9 2449  46   47
 2687.444  0.113  1593.171     319.9   8.8  3.28  2.71  18 2669  31   36
 2692.228  0.110  1596.010     331.5   8.7  3.28  2.71  18 2669  31   36
 2893.723  0.186  1715.562     112.2  17.7  3.37  1.05  10 2877  29   26
 2976.691  0.162  1764.790     150.3  15.1  3.51  0.35   9 2966  27   24
 3182.301  0.084  1886.784     524.6   6.9  4.16  0.80  13 3164  38   26
 3245.679  0.109  1924.387     351.4   8.4  4.32  0.88  11 3226  37   31
 3447.073  0.072  2043.880     555.6   6.4  3.76  0.62  10 3426  36   22
 4408.853  0.100  2614.531     398.1   7.5  4.47  0.18  10 4386  45   22
