

Sample:                                                                 
Filename: D:\Robert\Deimos\Au_d2_p5.chn
File created or changed:   17.11.2018
No.of channels:  8050
Measurement date: 08/Nov/18     21:46
Evaluated : 10.12.2018 13:15:19
Live time:  7179.0 s   Real time:  7269.0 s    Dead time:  1.24 %
Counts total:   5127440    Input counts/sec:    714
            Satellite peaks:
s10: 0.000  s11: 0.000  s12: 0.000
d10:   2.5  d11:   4.0  d12:  10.0
s20: 0.000  s21: 0.000  s22: 0.000
d20:   0.0  d21:   0.0  d22:   0.0
base: 0.00000

            ENERGY CALIBRATION
-1.363481798715E+0000  5.933276231263E-0001  0.000000000000E+0000  0.000000000000E+0000

            FWHM CALIBRATION
 6.652762312634E-0001  9.721627408994E-0004  0.000000000000E+0000

Energy: preliminary linear calibration
FWHM: preliminary linear calibration

  channel  cherr    energy      area aerr%  fwhm chisq it left   n  lim isotope
==============================================================================
  111.973  0.002    65.073  286305.9   0.2  1.79 220.72  46  103  32  403
  114.887  0.001    66.802  561600.1   0.2  1.79 220.72  46  103  32  404
  118.185  0.003    68.759  115024.3   0.4  1.79 220.72  46  103  32  405
  129.670  0.002    75.573  167088.6   0.3  1.80 220.72  46  103  32  477
  133.457  0.004    77.820   71729.8   0.5  1.81 220.72  46  103  32  478
  251.396  0.004   147.797   61691.5   0.7  1.78 17.94  25  240  83  387
  285.958  0.019   168.304    8620.6   1.9  1.81 17.94  25  240  83  420
  319.499  0.005   188.204   41773.4   0.7  1.84 17.94  25  240  83  424
  483.326  0.025   285.407    4093.4   2.5  2.05  7.65  18  473  47  237
  497.014  0.005   293.529   45566.8   0.8  2.06  7.65  18  473  47  239
  509.095  0.026   300.697    3708.6   2.5  2.07  7.65  18  473  47  226
  555.890  0.002   328.462  253649.0   0.3  2.06  6.33  14  553  14  195
  563.517  0.004   332.987   64365.4   0.5  2.06  6.33  14  553  14  188
  601.791  0.002   355.696  235780.0   0.3  2.09 15.60  17  595  35  175
  617.224  0.018   364.852    5495.0   1.7  2.10 15.60  17  595  35  176
  668.284  0.024   395.148    4042.3   2.1  2.15 43.64  23  656  85  158
  696.371  0.002   411.813  234147.8   0.3  2.18 43.64  23  656  85  162
  714.158  0.022   422.366    4160.9   1.9  2.20 43.64  23  656  85  160
  720.227  0.009   425.967   15286.2   0.9  2.20 43.64  23  656  85  150
  729.317  0.058   431.360    1132.3   4.9  2.21 43.64  23  656  85  151
  816.119  0.023   482.863    3354.7   3.5  2.24  2.13  11  803  20  129
  863.506  0.024   510.978   11620.9   1.7  4.64  2.26  19  853  23  246
  894.038  0.026   529.094    6055.7   2.6  3.50 20.24  19  889  18  183
  985.313  0.046   583.250    1534.1   5.1  2.61  2.00  22  976  38  127
  995.504  0.105   589.296     551.0   8.4  2.62  2.00  22  976  38  128
 1003.065  0.059   593.783    1148.3   5.5  2.62  2.00  22  976  38  124
 1029.106  0.035   609.234    2485.6   2.9  2.82  5.54  24 1016  45  132
 1050.350  0.018   621.838    6576.2   2.0  2.85  5.54  24 1016  45  133
 1089.754  0.019   645.218    4895.8   2.6  2.51  1.60  10 1084  13  114
 1141.494  0.045   675.917    1286.8   4.7  2.35  1.77  11 1131  67  105
 1163.023  0.036   688.690    1734.3   4.2  2.37  1.77  11 1131  67  106
 1187.982  0.060   703.499     896.4   5.6  2.39  1.77  11 1131  67  108
 1228.135  0.123   727.323     359.2  14.7  2.35  1.63  15 1211  47  102
 1243.758  0.159   736.593     268.1  16.3  2.37  1.63  15 1211  47   98
 1297.529  0.179   768.496     293.5  22.2  2.74  0.81  12 1284  19  119
 1368.676  0.123   810.710     353.9  17.1  2.39  0.58  11 1353  22   97
 1538.439  0.051   911.435    1370.0   6.0  2.87  0.78  11 1523  21  116
 1562.370  0.099   925.634     539.2   7.1  2.75  0.90  18 1547  69  105
 1577.056  0.260   934.348     180.1  17.3  2.76  0.90  18 1547  69  106
 1584.838  0.037   938.964    1939.8   3.3  2.77  0.90  18 1547  69  105
 1601.059  0.025   948.589    3719.2   2.7  2.79  0.90  18 1547  69  108
 1635.990  0.075   969.315     705.1   9.4  2.63  2.84  13 1621  29  103
 1688.553  0.160  1000.502     248.5  21.2  2.42  0.86  16 1672  29   90
 1753.108  0.102  1038.804     497.5   8.0  2.73  1.02  11 1736  50   96
 1770.111  0.049  1048.892    1251.2   5.5  2.75  1.02  11 1736  50   97
 1863.507  0.030  1104.306    3201.1   3.1  3.13  1.00  11 1849  56  113
 1890.764  0.081  1120.479     798.9   5.5  3.16  1.00  11 1849  56  119
 1942.201  0.038  1150.998    2145.4   3.9  3.11  0.95  11 1927  35  104
 1951.671  0.083  1156.617     764.7   5.9  3.12  0.95  11 1927  35  104
 1983.483  0.034  1175.492    3070.5   3.2  3.34  1.93  12 1967  45  117
 1997.402  0.078  1183.750     931.0   5.2  3.35  1.93  12 1967  45  117
 2056.737  0.044  1218.955    1610.4   5.2  2.89  1.15  10 2041  24  103
 2089.291  0.184  1238.271     298.8  19.3  3.09  0.97   8 2073  30  113
 2182.023  0.225  1293.291     286.9  14.8  3.72  1.68  15 2173  48  114
 2197.704  0.193  1302.595     324.2  13.8  3.73  1.68  15 2173  48  114
 2208.270  0.261  1308.864     224.0  16.8  3.75  1.68  15 2173  48  112
 2248.202  0.170  1332.557     276.3  10.7  3.07  0.84  26 2231  51   90
 2260.510  0.166  1339.859     338.5  10.1  3.08  0.84  26 2231  51   91
 2264.936  0.048  1342.486    1572.4   4.7  3.08  0.84  26 2231  51   91
 2323.481  0.313  1377.222     293.1  20.0  5.20  1.05  17 2310  29  143
 2398.924  0.136  1421.985     417.5  11.2  3.69  1.01  16 2391  51   96
 2416.301  0.291  1432.295     177.7  15.9  3.71  1.01  16 2391  51   99
 2432.278  0.262  1441.775     189.3  16.2  3.72  1.01  16 2391  51   93
 2446.876  0.144  1450.435     349.5   8.4  3.42  8.18  13 2435  59   82
 2464.969  0.017  1461.171    8735.0   1.4  3.44  8.18  13 2435  59   90
 2478.536  0.017  1469.221    8240.2   1.5  3.45  8.18  13 2435  59   91
 2588.728  0.267  1534.600     297.8  13.2  5.07  1.49  17 2571  84  112
 2636.882  0.215  1563.171     345.0  12.5  5.12  1.49  17 2571  84  120
 2687.198  0.063  1593.025    1941.2   4.0  3.89  2.13  12 2682  17   93
 2692.112  0.053  1595.941    2265.3   3.7  3.90  2.13  12 2682  17   93
 2729.255  0.198  1617.979     240.5  12.7  3.67  1.16  14 2709  59   83
 2736.299  0.195  1622.158     239.9  12.7  3.68  1.16  14 2709  59   83
 2754.824  0.163  1633.149     304.3  11.4  3.70  1.16  14 2709  59   81
 2818.362  0.158  1670.849     288.7  16.3  3.56  1.76  10 2803  20   79
 2893.479  0.070  1715.418     821.2   6.5  3.60  0.95  10 2875  29   68
 2926.902  0.164  1735.248     289.8  13.8  3.81  1.61  11 2907  33   70
 2976.550  0.072  1764.706     742.0   6.9  3.53  0.89   9 2966  27   63
 3012.294  0.127  1785.914     406.1   8.2  3.95  1.26  10 2994  44   67
 3031.960  0.087  1797.582     691.5   6.7  3.96  1.26  10 2994  44   69
 3086.243  0.121  1829.790     229.5  10.4  2.99  0.95  11 3067  66   47
 3095.906  0.091  1835.523     357.9   8.8  3.00  0.95  11 3067  66   47
 3116.342  0.229  1847.648     101.1  15.8  3.02  0.95  11 3067  66   42
 3182.297  0.034  1886.781    3395.4   2.7  4.31  1.39   9 3162  33   61
 3223.908  0.268  1911.470     118.4  13.6  4.07  1.35  11 3203  61   47
 3245.774  0.040  1924.444    2197.3   3.3  4.09  1.35  11 3203  61   48
 3304.753  0.209  1959.438     161.4  11.5  4.03  1.66  13 3285  51   47
 3322.634  0.095  1970.047     471.9   7.6  4.05  1.66  13 3285  51   41
 3447.077  0.029  2043.883    3619.9   2.5  3.92  1.42   9 3427  38   38
 3547.770  0.192  2103.627     185.5  13.0  4.20  1.45  15 3526  46   33
 3565.255  0.201  2114.001     186.3  13.5  4.22  1.45  15 3526  46   37
 3717.256  0.157  2204.187     224.5  10.4  4.58  1.05  12 3696  46   30
 3735.815  0.173  2215.199     209.7  10.3  4.60  1.05  12 3696  46   32
 3899.046  0.155  2312.048     166.7  13.7  3.75  1.07  11 3878  31   29
 4408.949  0.050  2614.588    1551.5   3.7  4.53  0.66  10 4385  45   26
 4935.907  0.169  2927.247      86.9  17.3  3.17  0.71  23 4911  47   15
