

Sample:                                                                 
Filename: D:\Work\Deimos\Al_d2_p5.chn
File created or changed:   17-Nov-18
No.of channels: 16100
Measurement date: 08/Nov/18     16:33
Evaluated : 21-Jan-19 14:01:07
Live time: 3629.0 s   Real time: 3658.0 s    Dead time:  0.29 %
Counts total:   1556699    Input counts/sec:    155
            Satellite peaks:
s10: 0.000  s11: 0.000  s12: 0.000
d10:   2.5  d11:   4.0  d12:  10.0
s20: 0.000  s21: 0.000  s22: 0.000
d20:   0.0  d21:   0.0  d22:   0.0
base: 0.00000

            ENERGY CALIBRATION
-6.548950014724E-0001  6.617873764445E-0001  0.000000000000E+0000  0.000000000000E+0000

            FWHM CALIBRATION
 3.413434905533E+0000  3.589750066975E-0004  0.000000000000E+0000

Energy: preliminary linear calibration
FWHM: preliminary linear calibration

  channel  cherr    energy      area aerr%  fwhm chisq it left   n  lim isotope
==============================================================================
  773.420  0.031   511.185   12373.7   1.8  5.90  1.30  17  754  37  373
  882.149  0.229   583.140     693.4  11.9  4.68  0.62  12  865  74  274
  921.726  0.166   609.332     983.8  10.1  4.70  0.62  12  865  74  276
 1296.998  0.331   857.682     558.7  20.8  5.19  0.93  16 1278  37  303
 1773.722  0.061  1173.172    3594.0   4.2  4.76  0.43  11 1752  39  329
 2014.679  0.052  1332.635    3514.8   3.3  5.12  0.77  10 1994  39  192
 2069.358  0.006  1368.820  137205.5   0.4  5.00 15.79  10 2050  40  192
 2208.552  0.046  1460.937    3514.7   3.1  5.01  1.26  10 2189  41  151
 2618.755  0.038  1732.404    5474.4   2.4  5.29  0.95  10 2599  37  156
 2666.985  0.309  1764.322     297.3  21.6  4.65  0.70  12 2646  41  153
 3390.370  0.033  2243.049   11212.1   1.7  6.48  0.72  18 3376  38  264
 3951.910  0.207  2614.669     658.8  11.9  5.77  0.88  17 3929  45  213
 4162.780  0.009  2754.220   76882.4   0.5  5.85 22.25  11 4138  45  114
 6230.426  0.126  4122.562     520.2   6.8  6.41  0.37  12 6206  48   34
