

Sample:                                                                 
Filename: D:\Work\Deimos\Y_d2_p5.chn
File created or changed:   17-Nov-18
No.of channels: 16100
Measurement date: 08/Nov/18     14:26
Evaluated : 21-Jan-19 15:02:34
Live time: 3938.0 s   Real time: 3970.0 s    Dead time:  0.68 %
Counts total:   1682857    Input counts/sec:    160
            Satellite peaks:
s10: 0.000  s11: 0.000  s12: 0.000
d10:   2.5  d11:   4.0  d12:  10.0
s20: 0.000  s21: 0.000  s22: 0.000
d20:   0.0  d21:   0.0  d22:   0.0
base: 0.00000

            ENERGY CALIBRATION
-6.548950014724E-0001  6.617873764445E-0001  0.000000000000E+0000  0.000000000000E+0000

            FWHM CALIBRATION
 3.413434905533E+0000  3.589750066975E-0004  0.000000000000E+0000

Energy: preliminary linear calibration
FWHM: preliminary linear calibration

  channel  cherr    energy      area aerr%  fwhm chisq it left   n  lim isotope
==============================================================================
  533.079  0.208   352.130     827.9  17.7  3.77  0.68  15  514  36  355
  576.782  0.003   381.052  443320.7   0.2  3.96 75.01  10  556  45  365
  588.416  0.006   388.752   93722.5   0.4  3.96 75.01  10  556  45  335
  733.862  0.006   485.006  101332.8   0.5  3.98 30.64  10  713  37  200
  773.432  0.027   511.193    9605.0   1.8  5.17  1.43  10  754  36  221
  882.568  0.137   583.417     738.2  10.0  4.40  0.65  11  865  33  162
  922.111  0.094   609.586    1048.1   7.5  4.16  0.62  10  903  29  148
 1357.900  0.028   897.986    5811.6   2.2  4.29  1.07  10 1339  55  120
 1377.470  0.132   910.937     589.6   6.2  4.30  1.07  10 1339  55  119
 1693.784  0.181  1120.270     321.7  14.4  4.13  0.88  10 1676  37   95
 1773.766  0.034  1173.201    4012.4   2.6  4.39  0.90  10 1755  38   95
 2014.598  0.035  1332.580    3784.1   2.6  4.59  2.53   9 1993  34   84
 2208.578  0.033  1460.954    4353.0   2.3  4.78  1.01   9 2189  39   75
 2667.583  0.134  1764.718     369.5   9.1  4.99  0.45   9 2646  33   42
 2775.369  0.036  1836.049    3613.3   2.5  4.89  1.38  10 2756  33   34
 3331.460  0.245  2204.064      95.2  19.7  4.10  0.75  10 3309  36   33
 3951.806  0.081  2614.600     822.1   5.3  5.25  0.53  10 3929  45   25
