

Sample:                                                                 
Filename: C:\Users\Dusan\Desktop\Deimos\\88Y_2018(2).CHN
File created or changed:   06.08.2019
No.of channels: 16100
Measurement date: 29/MAR/19     09:29
Evaluated : 08.08.2019 13:59:01
Live time: 29344.0 s   Real time: 31964.0 s    Dead time:  8.20 %
Counts total: 188665286    Input counts/sec:   6429
            Satellite peaks:
s10: 0.000  s11: 0.000  s12: 0.000
d10:   2.5  d11:   4.0  d12:  10.0
s20: 0.000  s21: 0.000  s22: 0.000
d20:   0.0  d21:   0.0  d22:   0.0
base: 0.00000

            ENERGY CALIBRATION
 2.774682870882E+0001  1.964252314192E-0001  0.000000000000E+0000  0.000000000000E+0000

            FWHM CALIBRATION
 6.598728484701E+0000  9.606801095889E-0004  0.000000000000E+0000

Energy: preliminary linear calibration
FWHM: preliminary linear calibration

  channel  cherr    energy      area aerr%  fwhm chisq it left   n  lim isotope
==============================================================================
  703.910  0.033   166.013   93559.8   1.4  7.55  0.96  17  676  58 4160
 2463.967  0.039   511.732  204821.6   0.9 14.95  1.55  12 2428  67 7205
 4007.195  0.015   814.861  402730.1   0.4 10.93  2.49  48 3973  74 3533
 4019.631  0.308   817.304   16336.9   4.5 10.94  2.49  48 3973  74 3667
 4434.592  0.002   898.813 13840575.8   0.0 11.84 287.57  36 4400  75 5152
 4451.884  0.027   902.209  266469.0   0.4 11.86 287.57  36 4400  75 6853
 6602.970  0.028  1324.737  287370.6   0.5 18.80  2.32  33 6561  84 5730
 9178.736  0.115  1830.682  195593.5   2.5 16.55 26.01  46 9141 104   50
 9192.160  0.006  1833.319 7074259.2   0.1 16.56 26.01  46 9141 104 10488
 9215.310  0.058  1837.866  120348.2   0.6 16.59 26.01  46 9141 104 14082
11142.905  0.258  2216.494    9084.1   4.1 21.30  1.08  13 11081 103 1846
13697.204  0.558  2718.223    7691.5   9.1 20.16  1.48  61 13650 123   60
13713.955  0.061  2721.514  126367.3   0.7 20.18  1.48  61 13650 123 1765
13738.491  0.923  2726.333    1778.1   8.8 20.20  1.48  61 13650 123 2334
